# This file may be used to create an environment using:
# $ conda create --name <env> --file <this file>
# platform: win-64
bzip2=1.0.8=h8ffe710_4
ca-certificates=2023.7.22=h56e8100_0
eigen=3.4.0=h91493d7_0
ffmpeg=4.2.3=ha925a31_0
freetype=2.12.1=h546665d_1
gettext=0.21.1=h5728263_0
glib=2.76.4=h12be248_0
glib-tools=2.76.4=h12be248_0
gst-plugins-base=1.18.5=h9e645db_0
gstreamer=1.18.5=hd78058f_0
hdf5=1.12.1=h51c971a_3
icc_rt=2022.1.0=h6049295_2
icu=58.2=ha925a31_3
intel-openmp=2023.2.0=h57928b3_49496
jpeg=9e=hcfcfb64_3
leptonica=1.78.0=h688788b_4
lerc=4.0.0=h63175ca_0
libarchive=3.6.2=h62576cb_0
libblas=3.9.0=8_mkl
libcblas=3.9.0=8_mkl
libclang=12.0.0=default_h627e005_2
libdeflate=1.18=hcfcfb64_0
libffi=3.4.2=h8ffe710_5
libglib=2.76.4=he8f3873_0
libiconv=1.17=h8ffe710_0
liblapack=3.9.0=8_mkl
libogg=1.3.4=h8ffe710_1
libpng=1.6.39=h19919ed_0
libprotobuf=3.20.3=h12be248_0
libsqlite=3.42.0=hcfcfb64_0
libtiff=4.4.0=h8a3f274_2
libvorbis=1.3.7=h0e60522_0
libwebp=1.3.1=hcfcfb64_0
libwebp-base=1.3.1=hcfcfb64_0
libxml2=2.10.4=hc3477c8_0
libxslt=1.1.37=h0192164_0
libzlib=1.2.13=hcfcfb64_5
lz4-c=1.9.4=hcfcfb64_0
lzo=2.10=he774522_1000
mkl=2020.4=hb70f87d_311
numpy=1.25.2=py39h816b6a6_0
opencv=4.6.0=py39ha36de5b_5
openjpeg=2.5.0=hc9384bd_1
openssl=1.1.1v=hcfcfb64_0
pcre2=10.40=h17e33f8_0
pip=23.2.1=pyhd8ed1ab_0
python=3.9.17=h6244533_0
python_abi=3.9=2_cp39
qt-main=5.15.2=he8e5bd7_7
qt-webengine=5.15.9=hb9a9bb5_5
qtwebkit=5.212=h2bbfb41_5
setuptools=68.0.0=pyhd8ed1ab_0
sqlite=3.42.0=hcfcfb64_0
tesseract=5.3.1=hcb5f61f_0
tzdata=2023c=h71feb2d_0
ucrt=10.0.22621.0=h57928b3_0
vc=14.3=h64f974e_17
vc14_runtime=14.36.32532=hfdfe4a8_17
vs2015_runtime=14.36.32532=h05e6639_17
wheel=0.41.1=pyhd8ed1ab_0
xz=5.2.6=h8d14728_0
zlib=1.2.13=hcfcfb64_5
zstd=1.5.2=h12be248_7
